0
1
2
11
42
43
55
56
57
58
107
141
148
149
168
173
175
179
180
182
184
195
196
199
200
201
202
207
208
211
215
216
219
221
226
231
232
260
261
262
263
264
296
298
308
318
319
331
337
338
348
353
358
363
364
365
373
377
378
396
402
422
437
438
441
443
444
445
447
453
454
456
460
462
463
464
465
466
468
470
471
472
486
492
493
503
507
508
511
512
517
519
521
525
526
528
535
539
545
548
549
552
553
558
561
566
568
569
570
571
572
573
574
577
592
595
596
598
599
600
601
610
625
634
637
638
639
641
643
645
646
652
658
659
666
690
691
693
695
697
699
700
701
702
723
726
728
730
731
737
742
757
758
767
769
772
773
774
775
776
779
780
792
797
801
802
804
809
810
837
844
853
854
855
856
864
879
883
884
892
922
925
928
931
936
937
954
960
966
967
990
1017
1030
1031
1033
1037
1038
1043
1053
1063
1071
1073
1087
1090
1091
1093
1108
1110
1122
1123
1124
1137
1138
1139
1140
1146
1153
1170
1172
1177
1183
1188
1189
1191
1194
1198
1199
1201
1206
1207
1208
1209
1216
1221
1222
1223
1224
1228
1257
1258
1259
1261
1267
1275
1278
1286
1287
1288
1302
1308
1309
1316
1317
1318
1320
1345
1347
1348
1368
1373
1375
1376
1389
1393
1404
1408
1409
1422
1437
1458
1464
1465
1466
1467
1470
1477
1478
1480
1503
1504
1505
1512
1513
1514
1516
1519
1522
1528
1532
1536
1539
1540
1541
1547
1552
1555
1556
1557
1558
1560
1561
1562
1563
1566
1568
1577
1587
1588
1589
1590
1603
1613
1614
1618
1619
1631
1632
1633
1634
1638
1640
1642
1643
1657
1658
1660
1661
1662
1669
1671
1673
1674
1680
1682
1685
1686
1689
1692
1694
1696
1714
1719
1721
1726
1727
1728
1730
1731
1735
1737
1740
1741
1742
1750
1751
1754
1758
1760
1761
1763
1764
1766
1769
1770
1771
1775
1780
1782
1791
1792
1799
1806
1808
1809
1815
1816
1831
1835
1836
1845
1847
1850
1860
1864
1866
1868
1869
1870
1871
1876
1878
1884
1888
1889
1894
1899
1900
1902
1910
1916
1918
1925
1926
1930
1932
1934
1936
1939
1943
1944
1945
1946
1947
1948
1950
1951
1953
1954
1957
1958
1959
1961
1965
1966
1968
1971
1972
1973
1974
1975
1976
1977
1978
1979
1980
1982
1985
1988
1989
1994
1995
1996
1997
2000
2003
2005
2006
2008
2010
2019
2025
2028
2029
2031
2034
2035
2039
2040
2042
2043
2046